3932 2933 7310
5566 2899 7384
4163 2925 7238
5396 2914 7360
4167 2764 6926
5372 2821 6971
4315 2803 6924
4392 2809 6989
5095 2825 6986
5240 2761 7008
4627 3009 6980
4520 2993 6918
4595 3071 6869
4617 3172 6808
4991 3171 6994
5093 3131 6919
5017 3178 6812
5085 3010 6977
4157 2392 6542
5525 2345 6606
4586 2967 6711
4962 2947 6763
4545 2665 6553
4575 2813 6597
4946 2685 6567
5027 2657 6596
4578 3191 6475
4580 3113 6615
4592 2963 6368
4725 3022 6380
4656 2993 6437
4692 3080 6568
4609 2882 6487
4914 2849 6443
4936 3008 6531
4923 3009 6405
4972 3147 6566
4840 3134 6564
5142 3098 6471
4574 2758 6306
5048 2660 6320
4317 2444 6168
5200 2406 6228
4358 2339 6174
5186 2284 6207
4606 2949 6004
4478 2842 5964
4490 2700 5947
4618 2757 6024
4518 2862 6067
4905 2688 6052
4921 2861 6085
5020 2724 6048
5021 2773 5965
4079 2217 5552
5401 2225 5602
4160 2323 5649
5387 2253 5758
3977 2518 8786
3949 2420 8954
4423 2520 8803
4483 2765 9196
4434 2548 9125
5500 2505 8796
5558 2411 8954
5104 2400 8930
4958 2789 9020
4930 2605 9102
-1 -1 -1